Gwyddion resource GwyGradient
0 0.266667 0.00392157 0.329412 1
0.122137 0.278431 0.168627 0.482353 1
0.21374 0.247059 0.278431 0.537255 1
0.316794 0.196078 0.392157 0.556863 1
0.51145 0.121569 0.576471 0.54902 1
0.564885 0.117647 0.627451 0.533333 1
0.60687 0.137255 0.666667 0.513725 1
0.683206 0.231373 0.733333 0.458824 1
0.751908 0.364706 0.788235 0.384314 1
0.824427 0.537255 0.839216 0.278431 1
0.938931 0.839216 0.886275 0.0980392 1
0.969466 0.921569 0.898039 0.0980392 1
1 0.996078 0.905882 0.141176 1
